1526449380 0
1526449427 0
1526461133 0
1526647401 318
1526902928 1165
1527069191 1602
1527153099 1602
1527160023 1720
1527504618 1916
1527511959 2063
1527591854 2169
1527673297 2162
1527686244 2153
1527740773 2153
1527860560 3005
1528098129 3005
1528203664 3310
1528290377 3324
1528374263 3890
1528446700 3990
1528457748 4012
1528462473 4070
1528887659 4274
1528973719 4299
1529069835 4302
1529398266 4285
1529495666 4454
1529585758 4537
1529672351 4403
1529931379 4272
1530018382 4431
1530102299 4455
1530192250 5250
1530265665 5407
1530266729 5417
1530537235 5955
1530616071 5999
1530700273 5999
1530704141 5999
1530707897 7944
1530776790 7885
1530778327 7812
1530779510 7812
1530781483 7799
1530782641 7799
1530870880 7751
1531211685 7751
1531222307 7751
1531225729 8106
1531387007 7700
1531387130 7910
1531387149 7914
1531393369 7851
1531471676 7851
1531472068 7851
1531720024 7965
1531732104 8016
1531738561 8016
1531740320 8131
1531805293 8139
1531812305 8350
1531897147 8724
1531898234 8727
1531904302 8727
1531904447 8741
1531912773 8741
1531912914 8741
1531983098 8742
1531985407 8803
1531985685 9244
1531986960 9278
1532059056 9278
1532061338 9278
1532061535 9296
1532067868 9319
1532070887 9319
1532071948 9317
1532077544 9354
1532079545 9354
1532102071 9506
1532102250 9871
1532245475 10031
1532331625 10031
1532331648 10031
1532407840 10455
1532416371 10455
1532416471 10335
1532418668 10229
1532437612 10229
1532502740 10229
1532502812 10259
1532509018 10259
1532673139 10565
1532673304 10799
1532689821 10911
1532690072 10911
1532690568 10911
1532691475 10911
1532950833 10911
1532950993 11062
1532956287 11062
1532956360 11062
1533033657 11093
1533100660 11114
1533100978 11114
1533189819 11114
1533193639 13677
1533194077 13677
1533212622 13672
1533289220 13672
1533301199 13677
1533556919 13730
1533640876 13607
1533640909 13601
1533641284 13592
1533706582 13581
1533711350 13581
1533730420 13653
1533731927 13657
1533807598 13697
1533874420 13721
1533890861 13668
1533907670 13665
1534166972 13744
1534246248 13714
1534338065 13940
1534338093 13989
1534338244 13989
1534338669 13989
1534341234 14033
1534412853 14042
1534484721 14063
1534508902 14183
1534509409 14183
1534827636 14183
1534832202 14183
1534833487 14711
1534848759 14679
1534852332 14679
1534914842 14679
1534926614 14690
1535027187 14737
1535028921 14777
1535028961 14774
1535089472 14774
1535345767 14790
1535347303 14625
1535347397 14625
1535356180 14710
1535362542 14710
1535363839 14734
1535363868 16177
1535372625 16251
1535436177 16182
1535459684 16182
1535459708 16063
1535607574 16229
1535622751 16888
1535708000 16815
1535714054 16955
1535721470 16974
1535788473 16974
1535788504 16993
1535859679 16993
1535859689 17185
1535898165 17419
1535898678 17419
1535963965 17491
1536040903 17506
1536045981 17517
1536052854 17517
1536224587 17523
1536385483 17524
1536587995 17524
1536667165 17526
1536745165 17526
1536900350 17530
1536905291 17990
1536907931 17997
1536910044 17995
1537181076 18020
1537248971 18021
